{
 "cells": [
  {
   "cell_type": "code",
   "execution_count": 1,
   "metadata": {},
   "outputs": [],
   "source": [
    "import numpy as np\n",
    " \n",
    " \n",
    "def py_intersect(string_1, string_2):\n",
    "    \"\"\"\n",
    "    :param string_1: 字符串\n",
    "    :param string_2: 字符串\n",
    "    :return: 两字符串的交集\n",
    "    \"\"\"\n",
    "    result = ''\n",
    "    for char in string_1:\n",
    "        if char in string_2 and char not in result:\n",
    "            result += char\n",
    "    return result\n",
    " \n",
    " \n",
    "def dempster(mp1, mp2, P):\n",
    "    \"\"\"\n",
    "    :param mp1: 证据源1，numpy数组，存储信度\n",
    "    :param mp2: 证据源2，numpy数组，存储信度\n",
    "    :param P: 辨识框架\n",
    "    :return: 返回融合信度和冲突因子\n",
    "    \"\"\"\n",
    "    l = len(P)  # 幂集长度，这里指恐怖分子数目\n",
    "    mp = np.zeros((1, l), 'float64')  # 初始化最终结果mp\n",
    "    k_matrix = np.zeros((l, l))  # 冲突因子乘子\n",
    "    for k in range(l):\n",
    "        tmp = P[k]\n",
    "        f_matrix = np.zeros((l, l))  # 融合乘子\n",
    "        for i in range(l):\n",
    "            for j in range(l):\n",
    "                tmp_ij = py_intersect(P[i], P[j])  # 有无交集\n",
    "                if not tmp_ij:  # 若空集\n",
    "                    k_matrix[i][j] = 1\n",
    "                if tmp_ij == tmp:  # 若交集等于P[k]\n",
    "                    f_matrix[i][j] = 1\n",
    "        mp[0][k] = sum(sum(np.dot(mp1.T, mp2) * f_matrix))\n",
    "    k = sum(sum(np.dot(mp1.T, mp2) * k_matrix))\n",
    "    mp = mp / (1 - k)\n",
    "    return mp, k\n",
    " \n",
    " \n"
   ]
  },
  {
   "cell_type": "markdown",
   "metadata": {},
   "source": [
    "# Dempster’s method"
   ]
  },
  {
   "cell_type": "code",
   "execution_count": 4,
   "metadata": {},
   "outputs": [
    {
     "name": "stdout",
     "output_type": "stream",
     "text": [
      "融合后信度为[[0.         0.92574257 0.07425743]]\n"
     ]
    }
   ],
   "source": [
    "m1 = np.array([[0.68, 0.22, 0.1]])\n",
    "m2 = np.array([[0, 0.85, 0.15]])\n",
    " \n",
    "P = ['A', 'B', 'C']\n",
    " \n",
    "mp, k = dempster(m1, m2, P)\n",
    "print(f'融合后信度为{mp}')\n",
    "#print(f'冲突因子k = {k}')\n",
    "       \n",
    "        "
   ]
  },
  {
   "cell_type": "code",
   "execution_count": 5,
   "metadata": {},
   "outputs": [
    {
     "name": "stdout",
     "output_type": "stream",
     "text": [
      "融合后信度为[[0.         0.91686207 0.08313793]]\n"
     ]
    }
   ],
   "source": [
    "m1 = np.array([[0,0.92574257,0.07425743]])\n",
    "m2 = np.array([[0.02, 0.46, 0.52]])\n",
    " \n",
    "P = ['A', 'B', 'C']\n",
    " \n",
    "mp, k = dempster(m1, m2, P)\n",
    "print(f'融合后信度为{mp}')"
   ]
  },
  {
   "cell_type": "code",
   "execution_count": 6,
   "metadata": {},
   "outputs": [
    {
     "name": "stdout",
     "output_type": "stream",
     "text": [
      "融合后信度为[[0.         0.91686207 0.08313793]]\n"
     ]
    }
   ],
   "source": [
    "m1 = np.array([[0,0.91686207, 0.08313793]])\n",
    "m2 = np.array([[0.7, 0.15, 0.15]])\n",
    " \n",
    "P = ['A', 'B', 'C']\n",
    " \n",
    "mp, k = dempster(m1, m2, P)\n",
    "print(f'融合后信度为{mp}')"
   ]
  },
  {
   "cell_type": "code",
   "execution_count": 7,
   "metadata": {},
   "outputs": [
    {
     "name": "stdout",
     "output_type": "stream",
     "text": [
      "融合后信度为[[0.         0.27551084 0.72448916]]\n"
     ]
    }
   ],
   "source": [
    "m1 = np.array([[0,0.91686207, 0.08313793]])\n",
    "m2 = np.array([[0.4, 0.02, 0.58]])\n",
    " \n",
    "P = ['A', 'B', 'C']\n",
    " \n",
    "mp, k = dempster(m1, m2, P)\n",
    "print(f'融合后信度为{mp}')"
   ]
  },
  {
   "cell_type": "markdown",
   "metadata": {},
   "source": [
    "# Standard deviation method"
   ]
  },
  {
   "cell_type": "code",
   "execution_count": 2,
   "metadata": {},
   "outputs": [
    {
     "name": "stdout",
     "output_type": "stream",
     "text": [
      "[0.43297421 0.64161255 0.38609153 0.44907312 0.40431011]\n",
      "Crd: [0.18710575 0.27726685 0.16684583 0.19406274 0.17471883] (5,)\n",
      "WAE: [0.33630027 0.38619296 0.27750677]\n",
      "融合后信度为[[0.33337336 0.43962781 0.22699883]]\n",
      "融合后信度为[[0.32507195 0.49227852 0.18264953]]\n",
      "融合后信度为[[0.31223844 0.54299383 0.14476774]]\n",
      "融合后信度为[[0.29589096 0.59090459 0.11320445]]\n"
     ]
    }
   ],
   "source": [
    "        list = []\n",
    "        predict_proba=np.array([[0.68,0,0.02,0.7,0.4],[0.22,0.85,0.46,0.15,0.02],[0.1,0.15,0.52,0.15,0.58]])\n",
    "        b = ['KNN', 'LR','DT', 'RF','SVC']\n",
    "        len_sf = len(b)  \n",
    "        d = np.zeros([len_sf,len_sf])\n",
    "        a=predict_proba\n",
    "        d=np.zeros(len_sf)\n",
    "        for i in range(len_sf):\n",
    "            p=a[:,i]\n",
    "            c = np.mean(p)   \n",
    "            d[i]=np.sqrt(np.sum((p-c)**2))\n",
    "        print(d)\n",
    "        crd = np.zeros(len_sf)\n",
    "        for i in range(len_sf):\n",
    "            crd[i]=float(d[i])/sum(d)\n",
    "        print('Crd:',crd,crd.shape)\n",
    "        #print(w)\n",
    "        A=np.zeros(3)\n",
    "        for j in range(3):\n",
    "            A[j] = sum(np.multiply(a[j,:],crd))\n",
    "            # 加权平均证据WAE\n",
    "    \n",
    "        AA = A\n",
    "        print('WAE:',AA) \n",
    "        m1 = np.array([AA])\n",
    "        m2 = np.array([A])\n",
    "        #print(m1,m2)\n",
    "        P = ['A', 'B', 'C'] \n",
    "        mp, k = dempster(m1, m2, P)\n",
    "        print(f'融合后信度为{mp}')\n",
    "        #print(f'冲突因子k = {k}')\n",
    "        mp1, k = dempster(mp, m2, P)\n",
    "        print(f'融合后信度为{mp1}')\n",
    "        #print(f'冲突因子k = {k}')\n",
    "        mp2, k = dempster(mp1, m2, P)\n",
    "        print(f'融合后信度为{mp2}')\n",
    "        #print(f'冲突因子k = {k}')\n",
    "        mp3, k = dempster(mp2, m2, P)\n",
    "        print(f'融合后信度为{mp3}')\n",
    "        #print(f'冲突因子k = {k}')\n",
    "      "
   ]
  },
  {
   "cell_type": "markdown",
   "metadata": {},
   "source": [
    "# Deng et al."
   ]
  },
  {
   "cell_type": "code",
   "execution_count": 3,
   "metadata": {},
   "outputs": [
    {
     "name": "stdout",
     "output_type": "stream",
     "text": [
      "[[0.5208 0.202  0.1668 0.524  0.3344]\n",
      " [0.202  0.745  0.469  0.15   0.104 ]\n",
      " [0.1668 0.469  0.4824 0.161  0.3188]\n",
      " [0.524  0.15   0.161  0.535  0.37  ]\n",
      " [0.3344 0.104  0.3188 0.37   0.4968]]\n",
      "D: [[0.         0.65642974 0.57861905 0.06244998 0.41761226]\n",
      " [0.65642974 0.         0.38039453 0.7        0.71895758]\n",
      " [0.57861905 0.38039453 0.         0.58966092 0.41327957]\n",
      " [0.06244998 0.7        0.58966092 0.         0.38196859]\n",
      " [0.41761226 0.71895758 0.41327957 0.38196859 0.        ]]\n",
      "S: [[1.         0.34357026 0.42138095 0.93755002 0.58238774]\n",
      " [0.34357026 1.         0.61960547 0.3        0.28104242]\n",
      " [0.42138095 0.61960547 1.         0.41033908 0.58672043]\n",
      " [0.93755002 0.3        0.41033908 1.         0.61803141]\n",
      " [0.58238774 0.28104242 0.58672043 0.61803141 1.        ]]\n",
      "支持度: [2.28488898 1.54421815 2.03804594 2.26592052 2.06818201]\n",
      "Crd: [0.22398115 0.1513753  0.19978383 0.22212173 0.20273799]\n",
      "加权平均证据: [0.39288326 0.30721844 0.29989829]\n",
      "融合后信度为[[0.45576215 0.27867997 0.26555788]]\n",
      "融合后信度为[[0.52004741 0.24865328 0.23129931]]\n",
      "融合后信度为[[0.58364032 0.21821284 0.19814684]]\n",
      "融合后信度为[[0.64453288 0.18843599 0.16703113]]\n",
      "冲突因子k = 0.35576542155948676\n"
     ]
    }
   ],
   "source": [
    "        list = []\n",
    "        P = ['KNN', 'LR','DT', 'RF','SVC']\n",
    "        len_sf = len(P)  \n",
    "        m_between = np.zeros([len_sf,len_sf])\n",
    "        for i in range(len_sf):\n",
    "            for j in range(len_sf):\n",
    "                m_between[i,j]=sum(np.multiply(predict_proba[:,i],predict_proba[:,j]))\n",
    "                # m_between两个证据的内积=两个证据中，每个出现事件的概率乘积*（出现事件的交集/并集）\n",
    "                # 对单个事件而不是集合事件而言，等同于对应事件的概率乘积之和\n",
    "        print(m_between)\n",
    "        d = np.zeros([len_sf,len_sf])\n",
    "        sim = np.zeros([len_sf,len_sf])\n",
    "        for i in range(len_sf):\n",
    "            for j in range(len_sf):\n",
    "                d[i,j]=np.sqrt(0.5*(m_between[i,i]+m_between[j,j]-2*m_between[i,j]))\n",
    "                # d为两个证据间的距离，距离越小表示两个证据提出的意见越一致\n",
    "                sim[i,j]=1-d[i,j]\n",
    "                # sim为两个证据之间的相似度，越大代表两个证据之间的一致性越强\n",
    "        print('D:',d)\n",
    "        print('S:',sim)\n",
    "        sup = np.zeros(len_sf)\n",
    "        for i in range(len_sf):\n",
    "            sup[i]=sum(sim[i,:])-sim[i,i]\n",
    "            # sup为对每个证据的支持度，为两个证据之间的相似度之和减去该证据自己对自己的支持度\n",
    "            # 证据对自己的支持度为1\n",
    "        print('支持度:',sup)\n",
    "        crd = np.zeros(len_sf)\n",
    "        for i in range(len_sf):\n",
    "            crd[i]=float(sup[i])/sum(sup)\n",
    "            # crd为证据的可信度\n",
    "            # 即为归一化的支持度，其他证据对该证据支持度越高，则可信度越高\n",
    "        print('Crd:',crd)\n",
    "        A = np.zeros(3)\n",
    "        for i in range(3):\n",
    "            A[i] = sum(np.multiply(predict_proba[i,:],crd))\n",
    "            # 将可信度作为源权重，估计所有情况下数据出现的概率\n",
    "        AA = A\n",
    "        print('加权平均证据:',AA)\n",
    "        m1 = np.array([AA])\n",
    "        m2 = np.array([A])\n",
    "        #print(m1,m2)\n",
    "        P = ['A', 'B', 'C'] \n",
    "        mp, k = dempster(m1, m2, P)\n",
    "        print(f'融合后信度为{mp}')\n",
    "        #print(f'冲突因子k = {k}')\n",
    "        mp1, k = dempster(mp, m2, P)\n",
    "        print(f'融合后信度为{mp1}')\n",
    "        #print(f'冲突因子k = {k}')\n",
    "        mp2, k = dempster(mp1, m2, P)\n",
    "        print(f'融合后信度为{mp2}')\n",
    "        #print(f'冲突因子k = {k}')\n",
    "        mp3, k = dempster(mp2, m2, P)\n",
    "        print(f'融合后信度为{mp3}')\n",
    "        print(f'冲突因子k = {1-k}')"
   ]
  },
  {
   "cell_type": "markdown",
   "metadata": {},
   "source": [
    "# Xiao"
   ]
  },
  {
   "cell_type": "code",
   "execution_count": 4,
   "metadata": {},
   "outputs": [
    {
     "name": "stdout",
     "output_type": "stream",
     "text": [
      "[[0.         0.48647496 0.42811755 0.00854112 0.23199924]\n",
      " [0.48647496 0.         0.13050957 0.54507985 0.66385605]\n",
      " [0.42811755 0.13050957 0.         0.43162845 0.33320818]\n",
      " [0.00854112 0.54507985 0.43162845 0.         0.1680146 ]\n",
      " [0.23199924 0.66385605 0.33320818 0.1680146  0.        ]]\n",
      "S: [0.28878322 0.45648011 0.33086594 0.28831601 0.34926952]\n",
      "sup: [3.4628051  2.19067596 3.02237214 3.46841651 2.86311844]\n",
      "[3.290744043129797, 1.840137514034092, 3.061145023182995, 3.2585779847902048, 2.9965330627534037]\n",
      "[0.43261015 0.27056236 0.29682749]\n",
      "融合后信度为[[0.53707862 0.21007734 0.25284404]]\n",
      "融合后信度为[[0.63789912 0.15605009 0.20605079]]\n",
      "融合后信度为[[0.7274698  0.11130064 0.16122956]]\n",
      "融合后信度为[[0.80143948 0.07668742 0.1218731 ]]\n"
     ]
    }
   ],
   "source": [
    "        import math\n",
    "        import scipy.stats\n",
    "        list = []\n",
    "        P = ['KNN', 'LR', 'RF', 'DT', 'SVM']\n",
    "        len_sf = len(P) \n",
    "        BJSS= np.zeros(len_sf) \n",
    "        a=predict_proba\n",
    "        BJS = np.zeros([len_sf,len_sf])\n",
    "        M=np.zeros([3,5])\n",
    "        for i in range(len_sf):\n",
    "            for j in range(len_sf):\n",
    "                p=a[:,i]\n",
    "                q=a[:,j]\n",
    "                M = (p + q)/2\n",
    "                BJS[i,j]=0.5*scipy.stats.entropy(p, M, base=2)+0.5*scipy.stats.entropy(q, M, base=2)\n",
    "        print(BJS)\n",
    "        for i in range(len_sf):\n",
    "            BJSS[i]=sum(BJS[i,:])/4\n",
    "        print('S:',BJSS)\n",
    "        sup = np.zeros(len_sf)\n",
    "        for i in range(len_sf):\n",
    "            sup[i]=1/BJSS[i]\n",
    "        # 证据对自己的支持度为1\n",
    "        print('sup:',sup)\n",
    "        crd = np.zeros(len_sf)\n",
    "        for i in range(len_sf):\n",
    "            crd[i]=float(sup[i])/sum(sup)\n",
    "            # crd为证据的可信度\n",
    "            # 即为归一化的支持度，其他证据对该证据支持度越高，则可信度越高\n",
    "        #测量证据的信息量\n",
    "        V = np.zeros(3)\n",
    "        d= np.zeros(5)\n",
    "       \n",
    "        IV=[] \n",
    "        for i in range(5):\n",
    "            c=a[:,i]\n",
    "            for j in range(3):\n",
    "                if c[j] == 0:         # 判断变量是否为 python \n",
    "                    V[j] = 0           # 条件成立时设置标志为真\n",
    "         \n",
    "                else:\n",
    "                   V[j]=c[j]*np.log2(c[j])\n",
    "      \n",
    "            d = np.sum(V)    \n",
    "            IV0=np.exp(-d)\n",
    "    \n",
    "            IV.append(IV0)\n",
    "    \n",
    "   \n",
    "        print(IV)\n",
    "        \n",
    "        \n",
    "        #归一化\n",
    "        IVV = np.zeros(len_sf)\n",
    "        for i in range(len_sf):\n",
    "            IVV[i]=float(IV[i])/sum(IV)\n",
    "        #归一化\n",
    "        IVV = np.zeros(len_sf)\n",
    "        for i in range(len_sf):\n",
    "            IVV[i]=float(IV[i])/sum(IV)\n",
    "        Acrd = np.zeros(len_sf)\n",
    "        Acrd = np.multiply(crd,IVV)\n",
    "        #归一化\n",
    "        Acrdd = np.zeros(len_sf)\n",
    "        for i in range(len_sf):\n",
    "            Acrdd[i]=float(Acrd[i])/sum(Acrd)\n",
    "        A = np.zeros(3)\n",
    "        for i in range(3):\n",
    "            A[i] = sum(np.multiply(a[i,:],Acrdd))\n",
    "            #将可信度作为源权重，估计所有情况下数据出现的概率\n",
    "        AA = A\n",
    "        print(AA) \n",
    "        m1 = np.array([AA])\n",
    "        m2 = np.array([A])\n",
    "        #print(m1,m2)\n",
    "        P = ['A', 'B', 'C'] \n",
    "        mp, k = dempster(m1, m2, P)\n",
    "        print(f'融合后信度为{mp}')\n",
    "        #print(f'冲突因子k = {k}')\n",
    "        mp1, k = dempster(mp, m2, P)\n",
    "        print(f'融合后信度为{mp1}')\n",
    "        #print(f'冲突因子k = {k}')\n",
    "        mp2, k = dempster(mp1, m2, P)\n",
    "        print(f'融合后信度为{mp2}')\n",
    "        #print(f'冲突因子k = {k}')\n",
    "        mp3, k = dempster(mp2, m2, P)\n",
    "        print(f'融合后信度为{mp3}')\n",
    "        #print(f'冲突因子k = {k}')\n",
    "        "
   ]
  },
  {
   "cell_type": "markdown",
   "metadata": {},
   "source": [
    "# Zhu et al."
   ]
  },
  {
   "cell_type": "code",
   "execution_count": 5,
   "metadata": {},
   "outputs": [
    {
     "name": "stdout",
     "output_type": "stream",
     "text": [
      "D: [[0.         0.66715107 0.58071198 0.07706464 0.41388334]\n",
      " [0.66715107 0.         0.30889362 0.70208873 0.75806222]\n",
      " [0.58071198 0.30889362 0.         0.58285083 0.51522756]\n",
      " [0.07706464 0.70208873 0.58285083 0.         0.34802278]\n",
      " [0.41388334 0.75806222 0.51522756 0.34802278 0.        ]]\n",
      "[0.42831465 0.275197   0.29648836]\n",
      "融合后信度为[[0.52854387 0.21819388 0.25326225]]\n",
      "融合后信度为[[0.62620021 0.16609459 0.20770519]]\n",
      "融合后信度为[[0.71427313 0.12172712 0.16399974]]\n",
      "融合后信度为[[0.78837377 0.08632488 0.12530135]]\n"
     ]
    }
   ],
   "source": [
    "        list = []\n",
    "        b = ['KNN', 'LR','DT', 'RF','SVC']\n",
    "        len_sf = len(b)  \n",
    "        d = np.zeros([len_sf,len_sf])\n",
    "        a=predict_proba\n",
    "        for i in range(len_sf):\n",
    "            for j in range(len_sf):\n",
    "                p=a[:,i]\n",
    "                q=a[:,j]\n",
    "                M = (p + q)/2\n",
    "                d[i,j]=1/np.sqrt(2)*np.linalg.norm(np.sqrt(p)-np.sqrt(q))\n",
    "        print('D:',d)\n",
    "        dd= np.zeros(len_sf) \n",
    "        for i in range(len_sf):\n",
    "            dd[i]=sum((d[i,:])-d[i,i])/4\n",
    "       \n",
    "        sup = np.zeros(len_sf)\n",
    "        for i in range(len_sf):\n",
    "            sup[i]=1/dd[i]\n",
    "            # sup为对每个证据的支持度，为两个证据之间的相似度之和减去该证据自己对自己的支持度\n",
    "            # 证据对自己的支持度为1\n",
    "\n",
    "       \n",
    "        #测量证据的信息量\n",
    "        \n",
    "        crd = np.zeros(len_sf)\n",
    "        crd = np.multiply(sup,IV)\n",
    "        #归一化\n",
    "        Acrd = np.zeros(len_sf)\n",
    "        for i in range(len_sf):\n",
    "            Acrd[i]=float(crd[i])/sum(crd)\n",
    "        \n",
    "        \n",
    "        A = np.zeros(3)\n",
    "        for i in range(3):\n",
    "            A[i] = sum(np.multiply(a[i,:],Acrd))\n",
    "            #将可信度作为源权重，估计所有情况下数据出现的概率\n",
    "        \n",
    "        AA = A\n",
    "        print(AA) \n",
    "        m1 = np.array([AA])\n",
    "        m2 = np.array([A])\n",
    "        #print(m1,m2)\n",
    "        P = ['A', 'B', 'C'] \n",
    "        mp, k = dempster(m1, m2, P)\n",
    "        print(f'融合后信度为{mp}')\n",
    "        #print(f'冲突因子k = {k}')\n",
    "        mp1, k = dempster(mp, m2, P)\n",
    "        print(f'融合后信度为{mp1}')\n",
    "        #print(f'冲突因子k = {k}')\n",
    "        mp2, k = dempster(mp1, m2, P)\n",
    "        print(f'融合后信度为{mp2}')\n",
    "        #print(f'冲突因子k = {k}')\n",
    "        mp3, k = dempster(mp2, m2, P)\n",
    "        print(f'融合后信度为{mp3}')\n",
    "        #print(f'冲突因子k = {k}')\n",
    "        "
   ]
  },
  {
   "cell_type": "markdown",
   "metadata": {},
   "source": [
    "# Proposed method"
   ]
  },
  {
   "cell_type": "code",
   "execution_count": 6,
   "metadata": {},
   "outputs": [
    {
     "name": "stdout",
     "output_type": "stream",
     "text": [
      "D: [0.26557354 0.49406736 0.33232384 0.26408429 0.33690519]\n",
      "w1: [0.24209682 0.13013308 0.19346944 0.24346207 0.19083858]\n",
      "BJS: [[0.         0.48647496 0.42811755 0.00854112 0.23199924]\n",
      " [0.48647496 0.         0.13050957 0.54507985 0.66385605]\n",
      " [0.42811755 0.13050957 0.         0.43162845 0.33320818]\n",
      " [0.00854112 0.54507985 0.43162845 0.         0.1680146 ]\n",
      " [0.23199924 0.66385605 0.33320818 0.1680146  0.        ]]\n",
      "BJSS: [0.28878322 0.45648011 0.33086594 0.28831601 0.34926952]\n",
      "sup1: [3.4628051  2.19067596 3.02237214 3.46841651 2.86311844]\n",
      "crd1: [0.23074002 0.14597317 0.20139228 0.23111393 0.1907806 ]\n",
      "[0.05586143 0.01899594 0.03896325 0.05626748 0.0364083 ]\n",
      "WAE: [0.44899374 0.26890274 0.28210352]\n",
      "融合后信度为[[0.57030581 0.20455856 0.22513563]]\n",
      "融合后信度为[[0.68359926 0.14684744 0.1695533 ]]\n",
      "融合后信度为[[0.77851863 0.10015871 0.12132265]]\n",
      "融合后信度为[[0.85109025 0.06557681 0.08333294]]\n"
     ]
    }
   ],
   "source": [
    "        from fractions import Fraction\n",
    "        import scipy.stats\n",
    "        list = []\n",
    "        b = ['KNN', 'LR','DT', 'RF','SVC']\n",
    "        len_sf = len(b)  \n",
    "        d = np.zeros([len_sf,len_sf])\n",
    "        a=predict_proba\n",
    "        d=np.zeros(len_sf)\n",
    "        for i in range(len_sf):\n",
    "            p=a[:,i]\n",
    "            c = np.mean(p)   \n",
    "            d[i]=1/np.sqrt(2)*np.linalg.norm(np.sqrt(p)-np.sqrt(c))\n",
    "        print('D:',d)\n",
    "        crd = np.zeros(len_sf)\n",
    "        for i in range(len_sf):\n",
    "            crd[i]=float(1/d[i])/sum(1/d)\n",
    "            # crd为证据的可信度\n",
    "        print('w1:',crd)\n",
    "        BJS = np.zeros([len_sf,len_sf])\n",
    "        for i in range(len_sf):\n",
    "            for j in range(len_sf):\n",
    "                p=a[:,i]\n",
    "                q=a[:,j]\n",
    "                M = (p + q)/2\n",
    "                BJS[i,j]=0.5*scipy.stats.entropy(p, M, base=2)+0.5*scipy.stats.entropy(q, M, base=2)\n",
    "        print('BJS:',BJS)\n",
    "        BJSS= np.zeros(len_sf) \n",
    "        for i in range(len_sf):\n",
    "            BJSS[i]=sum((BJS[i,:])-BJS[i,i])/4\n",
    "        print('BJSS:',BJSS)\n",
    "        sup1 = np.zeros(len_sf)\n",
    "        for i in range(len_sf):\n",
    "            sup1[i]=1/BJSS[i]\n",
    "        print('sup1:',sup1) \n",
    "        crd1 = np.zeros(len_sf)\n",
    "        for i in range(len_sf):\n",
    "            crd1[i]=float(sup1[i])/sum(sup1)\n",
    "        print('crd1:',crd1)\n",
    "        Acrd = np.zeros(len_sf)\n",
    "       \n",
    "        Acrd = np.multiply(crd,crd1)\n",
    "        print(Acrd)\n",
    "        Acrdd = np.zeros(len_sf)\n",
    "        for i in range(len_sf):\n",
    "            Acrdd[i]=float(Acrd[i])/sum(Acrd)\n",
    "        A=np.zeros(3)\n",
    "        for j in range(3):\n",
    "            A[j] = sum(np.multiply(a[j,:],Acrdd))\n",
    "            # 加权平均证据WAE\n",
    "    \n",
    "        AA = A\n",
    "        print('WAE:',AA) \n",
    "        m1 = np.array([AA])\n",
    "        m2 = np.array([A])\n",
    "        #print(m1,m2)\n",
    "        P = ['A', 'B', 'C'] \n",
    "        mp, k = dempster(m1, m2, P)\n",
    "        print(f'融合后信度为{mp}')\n",
    "        #print(f'冲突因子k = {k}')\n",
    "        mp1, k = dempster(mp, m2, P)\n",
    "        print(f'融合后信度为{mp1}')\n",
    "        #print(f'冲突因子k = {k}')\n",
    "        mp2, k = dempster(mp1, m2, P)\n",
    "        print(f'融合后信度为{mp2}')\n",
    "        #print(f'冲突因子k = {k}')\n",
    "        mp3, k = dempster(mp2, m2, P)\n",
    "        print(f'融合后信度为{mp3}')\n",
    "        #print(f'冲突因子k = {k}')\n",
    "          "
   ]
  },
  {
   "cell_type": "code",
   "execution_count": 1,
   "metadata": {},
   "outputs": [],
   "source": [
    "import matplotlib.pyplot as plt\n",
    "import numpy as np\n",
    "w1=np.array([[0,         0.92574257, 0.07425743],[0,         0.91686207, 0.08313793],[0,         0.91686207, 0.08313793],[0,         0.27551084, 0.72448916]])\n",
    "w2=np.array([[0.33337336, 0.43962781, 0.22699883],[0.32507195, 0.49227852, 0.18264953],[0.31223844, 0.54299383, 0.14476774],[0.29589096, 0.59090459, 0.11320445]])\n",
    "\n",
    "w3=np.array([[0.45576215, 0.27867997, 0.26555788],[0.52004741, 0.24865328, 0.23129931],[0.58364032, 0.21821284, 0.19814684],[0.64453288, 0.18843599,0.16703113]])\n",
    "\n",
    "\n",
    "w4=np.array([[0.53707862, 0.21007734, 0.25284404],[0.63789912, 0.15605009, 0.20605079],[0.7274698,  0.11130064, 0.16122956],[0.80143948, 0.07668742, 0.1218731]])\n",
    "w5=np.array([[0.52854387, 0.21819388, 0.25326225],[0.62620021, 0.16609459, 0.20770519],\n",
    "[0.71427313, 0.12172712, 0.16399974],[0.78837377, 0.08632488, 0.12530135]])\n",
    "w6=np.array([[0.57030581, 0.20455856, 0.22513563],[0.68359926, 0.14684744, 0.1695533],[0.77851863, 0.10015871, 0.12132265],\n",
    "[0.85109025, 0.06557681, 0.08333294]])"
   ]
  },
  {
   "cell_type": "code",
   "execution_count": 3,
   "metadata": {},
   "outputs": [
    {
     "name": "stderr",
     "output_type": "stream",
     "text": [
      "The PostScript backend does not support transparency; partially transparent artists will be rendered opaque.\n",
      "The PostScript backend does not support transparency; partially transparent artists will be rendered opaque.\n"
     ]
    },
    {
     "data": {
